center_x = -8.22729
center_y = -2.1915
center_z = -1.83981

size_x = 15
size_y = 15
size_z = 18

exhaustiveness = 32